# Mathematics math-1983-2004 answers


### 1983 Paper
1. D
2. E
3. C
4. A
5. C
6. B
7. B
8. C
9. B
10. 
11. D
12. A
13. D
14. B
15. C
16. B
17. A
18. D
19. C
20. B
21. A
22. D
23. B
24. C
25. A
26. E
27. B
28. B

### 1984 Paper
1. D
2. A
3. A
4. C
5. A
6. B
7. C
8. D
9. B
10. A
11. C
12. B
13. B
14. C
15. A
16. A
17. A
18. D
19. B
20. C
21. C
22. E
23. B
24. C
25. B

### 1985 Paper
1. A
2. A
3. A
4. C
5. A
6. B
7. B
8. C
9. C
10. E
11. E
12. D
13. B
14. A
15. E
16. D
17. A
18. A
19. A
20. E
21. B
22. C
23. A
24. A
25. B
26. B
27. E
28. B
29. A
30. A
31. A
32. E
33. B
34. E
35. B
36. E

### 1986 Paper
1. C
2. C
3. D
4. D
5. A
6. B
7. B
8. B
9. B
10. A
11. D
12. B
13. D
14. B
15. A
16. D
17. C
18. A
19. A
20. A
21. A
22. D
23. C
24. C
25. 
26. C
27. C
28. C
29. C

### 1987 Paper
1. B
2. B
3. D
4. C
5. B
6. D
7. A
8. A
9. B
10. C
11. C
12. B
13. 
14. 
15. B
16. D
17. B
18. A
19. D
20. D
21. B
22. 
23. D
24. C
25. 
26. D
27. 
28. C
29. D
30. A
31. A
32. A
33. A
34. D
35. C
36. C
37. C
38. B
39. D
40. C

### 1988 Paper
1.
2.
3.
4.
5.
6.
7.
8.
9.
10.
11.
12.
13.
14.
15.
16.
17.
18.
19.
20.
21.
22.
23.
24.
25.
26.

### 1989 Paper
1.
2.
3.
4.
5.
6.
7.
8.
9.
10.
11.
12.
13.
14.
15.
16.
17.
18.
19.
20.
21.
22.
23.
24.
25.
26.
27.
28.
29.
30.
31.

### 1990 Paper
1.
2.
3.
4.
5.
6.
7.
8.
9.
10.
11.
12.
13.
14.
15.
16.
17.
18.
19.
20.
21.
22.
23.

### 1991 Paper
1.
2.
3.
4.
5.
6.
7.
8.
9.
10.
11.
12.
13.
14.
15.
16.
17.
18.
19.
20.
21.
22.
23.
24.
25.
26.
27.
28.
29.

### 1992 Paper
1.
2.
3.
4.
5.
6.
7.
8.
9.
10.
11.
12.
13.
14.
15.
16.
17.
18.
19.
20.
21.
22.
23.
24.
25.
26.
27.
28.
29.
30.
31.
32.

### 1993 Paper
1.
2.
3.
4.
5.
6.
7.
8.
9.
10.
11.
12.
13.
14.
15.
16.
17.
18.
19.
20.
21.
22.
23.
24.
25.
26.
27.
28.
29.

### 1994 Paper
1.
2.
3.
4.
5.
6.
7.
8.
9.
10.
11.
12.
13.
14.
15.
16.
17.
18.
19.
20.
21.
22.
23.
24.
25.
26.

### 1995 Paper
1.
2.
3.
4.
5.
6.
7.
8.
9.
10.
11.
12.
13.
14.
15.
16.
17.
18.
19.
20.
21.
22.
23.
24.
25.
26.
27.
28.
29.
30.
31.
32.
33.
34.

### 1997 Paper
1.
2.
3.
4.
5.
6.
7.
8.
9.
10.
11.
12.
13.
14.
15.
16.
17.
18.
19.
20.
21.
22.
23.
24.
25.
26.
27.
28.
29.
30.

### 1998 Paper
1.
2.
3.
4.
5.
6.
7.
8.
9.
10.
11.
12.
13.
14.
15.
16.
17.
18.
19.
20.
21.
22.
23.
24.
25.
26.
27.
28.
29.
30.

### 1999 Paper
1.
2.
3.
4.
5.
6.
7.
8.
9.
10.
11.
12.
13.
14.
15.
16.
17.
18.
19.
20.
21.
22.
23.
24.
25.
26.
27.
28.
29.
30.

### 2000 Paper
1.
2.
3.
4.
5.
6.
7.
8.
9.
10.
11.
12.
13.
14.
15.
16.
17.
18.
19.
20.
21.
22.
23.
24.
25.
26.
27.
28.
29.
30.
31.
32.

### 2001 Paper
1.
2.
3.
4.
5.
6.
7.
8.
9.
10.
11.
12.
13.
14.
15.
16.
17.
18.
19.
20.
21.
22.
23.
24.
25.
26.
27.
28.
29.
30.
31.
32.
33.

### 2002 Paper
1.
2.
3.
4.
5.
6.
7.
8.
9.
10.
11.
12.
13.
14.
15.
16.
17.
18.
19.
20.
21.
22.
23.
24.
25.
26.
27.
28.
29.
30.
31.
32.
33.

### 2003 Paper
1.
2.
3.
4.
5.
6.
7.
8.
9.
10.
11.
12.
13.
14.
15.
16.
17.
18.
19.
20.
21.
22.
23.
24.
25.
26.
27.

### 2004 Paper
1.
2.
3.
4.
5.
6.
7.
8.
9.
10.
11.
12.
13.
14.
15.
16.
17.
18.
19.
20.
21.
22.
23.
24.
25.
26.
27.
28.
29.